
 
    1
        8
            А
                А
                    0
                        5
                            9
                                7
                                ]
                                8
                                ]
                                9
                                ]
                            ]
                        ]
                        6
                            0
                                0
                                ]
                                1
                                ]
                                2
                                ]
                                3
                                ]
                                4
                                ]
                                5
                                ]
                            ]
                        ]
                    ]
                ]
                О
                    6
                        6
                            3
                                4
                                ]
                            ]
                        ]
                        8
                            9
                                6
                                ]
                                7
                                ]
                                8
                                ]
                                9
                                ]
                            ]
                        ]
                        9
                            0
                                0
                                ]
                            ]
                        ]
                    ]
                    7
                        3
                            2
                                1
                                ]
                            ]
                        ]
                        5
                            1
                                0
                                ]
                                1
                                ]
                                2
                                ]
                            ]
                        ]
                    ]
                ]
                Р
                    0
                        3
                            1
                                0
                                ]
                                1
                                ]
                                2
                                ]
                                3
                                ]
                                4
                                ]
                                5
                                ]
                                6
                                ]
                            ]
                        ]
                    ]
                    2
                        9
                            6
                                0
                                ]
                                1
                                ]
                                2
                                ]
                                3
                                ]
                                4
                                ]
                                5
                                ]
                                6
                                ]
                                7
                                ]
                                8
                                ]
                                9
                                ]
                            ]
                            7
                                0
                                ]
                                1
                                ]
                                2
                                ]
                                3
                                ]
                                4
                                ]
                                5
                                ]
                            ]
                        ]
                    ]
                ]
                Т
                    0
                        4
                            6
                                8
                                ]
                                9
                                ]
                            ]
                            7
                                0
                                ]
                                1
                                ]
                                2
                                ]
                                3
                                ]
                                4
                                ]
                                5
                                ]
                                6
                                ]
                                7
                                ]
                                8
                                ]
                                9
                                ]
                            ]
                            8
                                0
                                ]
                                1
                                ]
                                2
                                ]
                                3
                                ]
                            ]
                        ]
                    ]
                ]
                Х
                    0
                        3
                            6
                                5
                                ]
                                6
                                ]
                                7
                                ]
                                8
                                ]
                                9
                                ]
                            ]
                            7
                                0
                                ]
                                1
                                ]
                                2
                                ]
                            ]
                        ]
                    ]
                ]
            ]
        ]
    ]
]